  0.99619469809174555      -0.50000000000000000        1.2844257252341840E-002
  0.90069227979303979      -0.50000000000000000        1.6888741726946876E-002
  0.65084484682516963      -0.50000000000000000        2.9547826610994879E-002
  0.34245041315694591      -0.50000000000000000        5.0155701399656527E-002
   9.3790652948054928E-002 -0.50000000000000000        7.6389948037402233E-002
   0.0000000000000000      -0.50000000000000000       0.10000000000000001     
   9.6465604681248443E-002 -0.50000000000000000       0.10696478625516614     
  0.34590319351823018      -0.50000000000000000        8.9621161519082768E-002
  0.65319094268314537      -0.50000000000000000        5.6363824974949517E-002
  0.90144085876114788      -0.50000000000000000        2.5445038485168436E-002
  0.99619469809174555      -0.50000000000000000        1.2844257252341840E-002
   1.0460044329963329      -0.50000000000000000        8.4864701149589272E-003
 #
  0.99620419740347765      -0.50000000000000000        1.2827929156872267E-002
  0.90070133857982282      -0.50000000000000000        1.6861998079849616E-002
  0.65085252649353298      -0.50000000000000000        2.9493834439056135E-002
  0.34245584715723026      -0.50000000000000000        5.0068075498965449E-002
   9.3793227310906113E-002 -0.50000000000000000        7.6275203059148963E-002
   0.0000000000000000      -0.50000000000000000        9.9875026039496634E-002
   9.6464844525503218E-002 -0.50000000000000000       0.10685033282626556     
  0.34590432338091787      -0.50000000000000000        8.9533911945136893E-002
  0.65319569777527420      -0.50000000000000000        5.6310088509579331E-002
  0.90144898439072318      -0.50000000000000000        2.5418376427473660E-002
  0.99620419740347765      -0.50000000000000000        1.2827929156872267E-002
   1.0460144072736515      -0.50000000000000000        8.4755743127410410E-003
 #
  0.99623260060443375      -0.50000000000000000        1.2778991880102480E-002
  0.90072842811265974      -0.50000000000000000        1.6781839894674133E-002
  0.65087549992271798      -0.50000000000000000        2.9331997887613773E-002
  0.34247211117192577      -0.50000000000000000        4.9805420363527753E-002
   9.3800937280976646E-002 -0.50000000000000000        7.5931256608337189E-002
   0.0000000000000000      -0.50000000000000000        9.9500416527802588E-002
   9.6462559084120644E-002 -0.50000000000000000       0.10650725811596370     
  0.34590768549538842      -0.50000000000000000        8.9272382036923087E-002
  0.65320990461883532      -0.50000000000000000        5.6149016527745531E-002
  0.90147327673111044      -0.50000000000000000        2.5338462196835110E-002
  0.99623260060443375      -0.50000000000000000        1.2778991880102480E-002
   1.0460442306346556      -0.50000000000000000        8.4429206477174695E-003
 #
  0.99627962443128448      -0.50000000000000000        1.2697586194452187E-002
  0.90077328876095375      -0.50000000000000000        1.6648485129175203E-002
  0.65091357100690539      -0.50000000000000000        2.9062736399519840E-002
  0.34249909157749631      -0.50000000000000000        4.9368403075009677E-002
   9.3813743600566574E-002 -0.50000000000000000        7.5358973391696324E-002
   0.0000000000000000      -0.50000000000000000        9.8877107793604230E-002
   9.6458733516318673E-002 -0.50000000000000000       0.10593641813717694     
  0.34591319775503121      -0.50000000000000000        8.8837227654287559E-002
  0.65323338852313606      -0.50000000000000000        5.5881020847295744E-002
  0.90151348298472989      -0.50000000000000000        2.5205511318064353E-002
  0.99627962443128448      -0.50000000000000000        1.2697586194452187E-002
   1.0460936056528487      -0.50000000000000000        8.3886101144945852E-003
 #
  0.99634479990068237      -0.50000000000000000        1.2583945869381247E-002
  0.90083549063861357      -0.50000000000000000        1.6462296014581643E-002
  0.65096641497011531      -0.50000000000000000        2.8686747548547428E-002
  0.34253660011472703      -0.50000000000000000        4.8758133378140403E-002
   9.3831581165164837E-002 -0.50000000000000000        7.4559792105655900E-002
   0.0000000000000000      -0.50000000000000000        9.8006657784124165E-002
   9.6453343358759033E-002 -0.50000000000000000       0.10513923719247184     
  0.34592072435953808      -0.50000000000000000        8.8229539962615885E-002
  0.65326586035698431      -0.50000000000000000        5.5506786417707121E-002
  0.90156918463882718      -0.50000000000000000        2.5019881994301454E-002
  0.99634479990068237      -0.50000000000000000        1.2583945869381247E-002
   1.0461620398957165      -0.50000000000000000        8.3128102736440973E-003
 #
  0.99642747696079159      -0.50000000000000000        1.2438396407578836E-002
  0.90091443782269731      -0.50000000000000000        1.6223777520643370E-002
  0.65103358144607404      -0.50000000000000000        2.8205004804246217E-002
  0.34258437554788851      -0.50000000000000000        4.7976160603244868E-002
   9.3854359507994145E-002 -0.50000000000000000        7.3535721722073455E-002
   0.0000000000000000      -0.50000000000000000        9.6891242171064484E-002
   9.6446354929365624E-002 -0.50000000000000000       0.10411770430255604     
  0.34593007736986708      -0.50000000000000000        8.7450842539641804E-002
  0.65330691955775355      -0.50000000000000000        5.5027269210153759E-002
  0.90163980166152602      -0.50000000000000000        2.4782073612013775E-002
  0.99642747696079159      -0.50000000000000000        1.2438396407578836E-002
   1.0462488508088312      -0.50000000000000000        8.2157541194045475E-003
 #
  0.99652683094016836      -0.50000000000000000        1.2261353301445094E-002
  0.90100937420234584      -0.50000000000000000        1.5933575231622393E-002
  0.65111449874878646      -0.50000000000000000        2.7618754425199316E-002
  0.34264208596595197      -0.50000000000000000        4.7024469376885536E-002
   9.3881963472519772E-002 -0.50000000000000000        7.2289336304021012E-002
   0.0000000000000000      -0.50000000000000000        9.5533648912560609E-002
   9.6437725886442185E-002 -0.50000000000000000       0.10287436821999149     
  0.34594101886309420      -0.50000000000000000        8.6503087341569210E-002
  0.65335605830250421      -0.50000000000000000        5.4443693284357345E-002
  0.90172459831902885      -0.50000000000000000        2.4492724672376509E-002
  0.99652683094016836      -0.50000000000000000        1.2261353301445094E-002
   1.0463531724871769      -0.50000000000000000        8.0977385208893110E-003
 #
  0.99664187073139887      -0.50000000000000000        1.2053319835033161E-002
  0.90111939090143900      -0.50000000000000000        1.5592472657559045E-002
  0.65120847929300230      -0.50000000000000000        2.6929511502692349E-002
  0.34270933170445844      -0.50000000000000000        4.5905474139444187E-002
   9.3914254067122879E-002 -0.50000000000000000        7.0823768367288431E-002
   0.0000000000000000      -0.50000000000000000        9.3937271284737889E-002
   9.6427405936934760E-002 -0.50000000000000000       0.10141233104186685     
  0.34595326366529860      -0.50000000000000000        8.5388649544858738E-002
  0.65341266680003829      -0.50000000000000000        5.3757547052546817E-002
  0.90182269055730102      -0.50000000000000000        2.4152610172827757E-002
  0.99664187073139887      -0.50000000000000000        1.2053319835033161E-002
   1.0464739642679688      -0.50000000000000000        7.9591222625479269E-003
 #
  0.99677144862996447      -0.50000000000000000        1.1814884462898995E-002
  0.90124343520310002      -0.50000000000000000        1.5201388011262570E-002
  0.65131472611271168      -0.50000000000000000        2.6139055182465343E-002
  0.34278564886084456      -0.50000000000000000        4.4622012493484117E-002
   9.3951069494559225E-002 -0.50000000000000000        6.9142700807581142E-002
   0.0000000000000000      -0.50000000000000000        9.2106099400288521E-002
   9.6415337686029057E-002 -0.50000000000000000        9.9735240438966130E-002
  0.34596648263472601      -0.50000000000000000        8.4110321284368392E-002
  0.65347603965164680      -0.50000000000000000        5.2970578766057180E-002
  0.90193305487624054      -0.50000000000000000        2.3762638468565175E-002
  0.99677144862996447      -0.50000000000000000        1.1814884462898995E-002
   1.0466100210614628      -0.50000000000000000        7.8003237160295114E-003
 #
  0.99691427173257618      -0.50000000000000000        1.1546717802930109E-002
  0.90138032088950082      -0.50000000000000000        1.4761370486992983E-002
  0.65143234041520948      -0.50000000000000000        2.5249423097423729E-002
  0.34287051337045377      -0.50000000000000000        4.3177337411471881E-002
   9.3992226347302671E-002 -0.50000000000000000        6.7250357417596496E-002
   0.0000000000000000      -0.50000000000000000        9.0044710235267694E-002
   9.6401457618695091E-002 -0.50000000000000000        9.7847280522678423E-002
  0.34598030646183214      -0.50000000000000000        8.2671304312634253E-002
  0.65354538321765709      -0.50000000000000000        5.2084791254865745E-002
  0.90205453860965368      -0.50000000000000000        2.3323847649127691E-002
  0.99691427173257618      -0.50000000000000000        1.1546717802930109E-002
   1.0467599853192051      -0.50000000000000000        7.6218181813132307E-003
 #
  0.99706891478384363      -0.50000000000000000        1.1249569285076214E-002
  0.90152873989652138      -0.50000000000000000        1.4273596081611287E-002
  0.65156033009821734      -0.50000000000000000        2.4262905048855796E-002
  0.34296334560517505      -0.50000000000000000        4.1575108335859992E-002
   9.4037520958421966E-002 -0.50000000000000000        6.5151492022235302E-002
   0.0000000000000000      -0.50000000000000000        8.7758256189037279E-002
   9.6385697202305887E-002 -0.50000000000000000        9.5753161374494675E-002
  0.34599432994747459      -0.50000000000000000        8.1075201608889452E-002
  0.65361982391682028      -0.50000000000000000        5.1102435954621744E-002
  0.90218587151043794      -0.50000000000000000        2.2837401469885707E-002
  0.99706891478384363      -0.50000000000000000        1.1249569285076214E-002
   1.0469223605230358      -0.50000000000000000        7.4241349398781603E-003
 #
  0.99723383434577306      -0.50000000000000000        1.0924263501883857E-002
  0.90168727516981340      -0.50000000000000000        1.3739363002986726E-002
  0.65169761914815449      -0.50000000000000000        2.3182035977767766E-002
  0.34306351545169000      -0.50000000000000000        3.9819381208589952E-002
   9.4086730896271578E-002 -0.50000000000000000        6.2851376264120795E-002
   0.0000000000000000      -0.50000000000000000        8.5252452205950582E-002
   9.6367984098079909E-002 -0.50000000000000000        9.3458107266411627E-002
  0.34600811671554799      -0.50000000000000000        7.9326007969909101E-002
  0.65369841737615353      -0.50000000000000000        5.0026006259402060E-002
  0.90232567852738133      -0.50000000000000000        2.2304584882149731E-002
  0.99723383434577306      -0.50000000000000000        1.0924263501883857E-002
   1.0470955260630617      -0.50000000000000000        7.2078540666805219E-003
 #
  0.99740738415135199      -0.50000000000000000        1.0571696309766482E-002
  0.90185441459684956      -0.50000000000000000        1.3160086713589148E-002
  0.65184305782897167      -0.50000000000000000        2.2009588271351209E-002
  0.34317034782172628      -0.50000000000000000        3.7914597470737742E-002
   9.4139616590004985E-002 -0.50000000000000000        6.0355786075342664E-002
   0.0000000000000000      -0.50000000000000000        8.2533561490967841E-002
   9.6348243467841613E-002 -0.50000000000000000        9.0967843603902365E-002
  0.34602120431179628      -0.50000000000000000        7.7428099617906615E-002
  0.65378015834020975      -0.50000000000000000        4.8858230241473087E-002
  0.90247249364800786      -0.50000000000000000        2.1726799208634469E-002
  0.99740738415135199      -0.50000000000000000        1.0571696309766482E-002
   1.0472777533589197      -0.50000000000000000        6.9736030507064062E-003
 #
  0.99758783149152308      -0.50000000000000000        1.0192830731957328E-002
  0.90202856587871516      -0.50000000000000000        1.2537294659405784E-002
  0.65199543356312206      -0.50000000000000000        2.0748563452291820E-002
  0.34328312854255350      -0.50000000000000000        3.5865572076256645E-002
   9.4195923071753687E-002 -0.50000000000000000        5.7670986874897426E-002
   0.0000000000000000      -0.50000000000000000        7.9608379854905598E-002
   9.6326399361475842E-002 -0.50000000000000000        8.8288582626299628E-002
  0.34603310963643752      -0.50000000000000000        7.5386222863466273E-002
  0.65386399124093308      -0.50000000000000000        4.7602062781711106E-002
  0.90262477467110147      -0.50000000000000000        2.1105557013123007E-002
  0.99758783149152308      -0.50000000000000000        1.0192830731957328E-002
   1.0474672230660993      -0.50000000000000000        6.7220532758099083E-003
 #
  0.99777337447428294      -0.50000000000000000        9.7886927150619418E-003
  0.90220807219583243      -0.50000000000000000        1.1872620735570424E-002
  0.65215348239929338      -0.50000000000000000        1.9402183300588551E-002
  0.34340111057226147      -0.50000000000000000        3.3677480566558726E-002
   9.4255381820269213E-002 -0.50000000000000000        5.4803717534649972E-002
   0.0000000000000000      -0.50000000000000000        7.6484218728448850E-002
   9.6302376169480425E-002 -0.50000000000000000        8.5427007902467211E-002
  0.34604333465462961      -0.50000000000000000        7.3205481863865010E-002
  0.65394882132238141      -0.50000000000000000        4.6260677156009296E-002
  0.90278091876298372      -0.50000000000000000        2.0442476714333975E-002
  0.99777337447428294      -0.50000000000000000        9.7886927150619418E-003
   1.0476620431979971      -0.50000000000000000        6.4539164143925937E-003
 #
  0.99796215998559468      -0.50000000000000000        9.3603667910324290E-003
  0.90239122851360931      -0.50000000000000000        1.1167799540364079E-002
  0.65231590095555492      -0.50000000000000000        1.7973880458761714E-002
  0.34352352048116280      -0.50000000000000000        3.1355845255000611E-002
   9.4317712689908365E-002 -0.50000000000000000        5.1761173159780349E-002
   0.0000000000000000      -0.50000000000000000        7.3168886887382087E-002
   9.6276100124210048E-002 -0.50000000000000000        8.2390257662496399E-002
  0.34605137232575295      -0.50000000000000000        7.0891325519101309E-002
  0.65403352620871857      -0.50000000000000000        4.4837456123965398E-002
  0.90293927864346157      -0.50000000000000000        1.9739276994188204E-002
  0.99796215998559468      -0.50000000000000000        9.3603667910324290E-003
   1.0478602679848745      -0.50000000000000000        6.1699407862149391E-003
 #
  0.99815230217437190      -0.50000000000000000        8.9089916952378723E-003
  0.90257629836726616      -0.50000000000000000        1.0424660468547918E-002
  0.65248135872165502      -0.50000000000000000        1.6467288571790271E-002
  0.34364956513801259      -0.50000000000000000        2.8906520572197933E-002
   9.4382625908065440E-002 -0.50000000000000000        4.8550986732597799E-002
   0.0000000000000000      -0.50000000000000000        6.9670670934716530E-002
   9.6247500832761776E-002 -0.50000000000000000        7.9185907008854264E-002
  0.34605671269000060      -0.50000000000000000        6.8449533549514802E-002
  0.65411696779907558      -0.50000000000000000        4.3335982566405799E-002
  0.90309817924065039      -0.50000000000000000        1.8997771049908817E-002
  0.99815230217437190      -0.50000000000000000        8.9089916952378723E-003
   1.0480599172830904      -0.50000000000000000        5.8709077332639303E-003
 #
  0.99834190127806166      -0.50000000000000000        8.4357559891365883E-003
  0.90276153095988521      -0.50000000000000000        9.6451216933484962E-003
  0.65264851060037898      -0.50000000000000000        1.4886232012849707E-002
  0.34377843853764961      -0.50000000000000000        2.6335677624491037E-002
   9.4449824123527260E-002 -0.50000000000000000        4.5181209671295651E-002
   0.0000000000000000      -0.50000000000000000        6.5998314588498197E-002
   9.6216512823986439E-002 -0.50000000000000000        7.5821949052926454E-002
  0.34605884904889489      -0.50000000000000000        6.5886201800050254E-002
  0.65419800436919973      -0.50000000000000000        4.1760029717878566E-002
  0.90325593464872445      -0.50000000000000000        1.8219860737698976E-002
  0.99834190127806166      -0.50000000000000000        8.4357559891365883E-003
   1.0482589963419648      -0.50000000000000000        5.5576280591685054E-003
 #
  0.99852906260141794      -0.50000000000000000        7.9418937329210834E-003
  0.90294517840414357      -0.50000000000000000        8.8311840838820599E-003
  0.65281600956522268      -0.50000000000000000        1.3234715244954558E-002
  0.34390932870518620      -0.50000000000000000        2.3649788018833037E-002
   9.4519004487756769E-002 -0.50000000000000000        4.1660291357681581E-002
   0.0000000000000000      -0.50000000000000000        6.2160996827066432E-002
   9.6183077091828273E-002 -0.50000000000000000        7.2306775025236816E-002
  0.34605728417510784      -0.50000000000000000        6.3207726817012685E-002
  0.65427550275731927      -0.50000000000000000        4.0113551039174751E-002
  0.90341086521910730      -0.50000000000000000        1.7407530653174574E-002
  0.99852906260141794      -0.50000000000000000        7.9418937329210834E-003
   1.0484555157314890      -0.50000000000000000        5.2309385782138146E-003
 #
  0.99871191545895766      -0.50000000000000000        7.4286802494821155E-003
  0.90312551293626120      -0.50000000000000000        7.9849251014462788E-003
  0.65298251931016749      -0.50000000000000000        1.1516911866990234E-002
  0.34404142461100828      -0.50000000000000000        2.0855607007891672E-002
   9.4589860750805152E-002 -0.50000000000000000        3.7997057690148828E-002
   0.0000000000000000      -0.50000000000000000        5.8168308946388331E-002
   9.6147142617099959E-002 -0.50000000000000000        6.8649153409793523E-002
  0.34605153648637565      -0.50000000000000000        6.0420789743597568E-002
  0.65434835051036377      -0.50000000000000000        3.8400669773261425E-002
  0.90356131461374889      -0.50000000000000000        1.6562842190352263E-002
  0.99871191545895766      -0.50000000000000000        7.4286802494821155E-003
   1.0486475112319056      -0.50000000000000000        4.8916988146368023E-003
 #
  0.99888863189138433      -0.50000000000000000        6.8974280162213131E-003
  0.90330084393047572      -0.50000000000000000        7.1084927140111429E-003
  0.65314672676710717      -0.50000000000000000        9.7371533904087315E-003
  0.34417392303062999      -0.50000000000000000        1.7960156009276113E-002
   9.4662085353416664E-002 -0.50000000000000000        3.4200688720156774E-002
   0.0000000000000000      -0.50000000000000000        5.4030230586813957E-002
   9.6108667849896634E-002 -0.50000000000000000        6.4858208155007147E-002
  0.34604114611837544      -0.50000000000000000        5.7532339580591493E-002
  0.65441546786665605      -0.50000000000000000        3.6625668225794203E-002
  0.90370566664897956      -0.50000000000000000        1.5687927616895463E-002
  0.99888863189138433      -0.50000000000000000        6.8974280162213131E-003
   1.0488330634859535      -0.50000000000000000        4.5407878876916816E-003
 #
  0.99905744496797100      -0.50000000000000000        6.3494827157454040E-003
  0.90346953454386369      -0.50000000000000000        6.2040993635081310E-003
  0.65330735436748322      -0.50000000000000000        7.8999177901320078E-003
  0.34430603528387482      -0.50000000000000000        1.4970704552552970E-002
   9.4735371496929954E-002 -0.50000000000000000        3.0280695432268058E-002
   0.0000000000000000      -0.50000000000000000        4.9757104789172675E-002
   9.6067622135138669E-002 -0.50000000000000000        6.0943396015457778E-002
  0.34602568083217933      -0.50000000000000000        5.4549575858459223E-002
  0.65447581945240474      -0.50000000000000000        3.4792976808691950E-002
  0.90384236176000976      -0.50000000000000000        1.4784984198602191E-002
  0.99905744496797100      -0.50000000000000000        6.3494827157454040E-003
   1.0490103172163696      -0.50000000000000000        4.1791016120740418E-003
 #
  0.99921666649051522      -0.50000000000000000        5.7862194704293921E-003
  0.90363001782457020      -0.50000000000000000        5.2740160152641782E-003
  0.65346317192694447      -0.50000000000000000        6.0098178700394300E-003
  0.34443699378893872      -0.50000000000000000        1.1894751707143374E-002
   9.4809415172794925E-002 -0.50000000000000000        2.6246895729351166E-002
   0.0000000000000000      -0.50000000000000000        4.5359612142557709E-002
   9.6023987064209393E-002 -0.50000000000000000        5.6914483080460758E-002
  0.34600474169332324      -0.50000000000000000        5.1479930766604391E-002
  0.65452842557182411      -0.50000000000000000        3.2907162882187008E-002
  0.90396991291945583      -0.50000000000000000        1.3856268400898104E-002
  0.99921666649051522      -0.50000000000000000        5.7862194704293921E-003
   1.0491774998150409      -0.50000000000000000        3.8075498368229724E-003
 #
  0.99936470392000787      -0.50000000000000000        5.2090392793825296E-003
  0.90378081212146899      -0.50000000000000000        4.3205663132831543E-003
  0.65361300803534683      -0.50000000000000000        4.0715894799018479E-003
  0.34456605836862880      -0.50000000000000000        8.7400070433394927E-003
   9.4883917133918583E-002 -0.50000000000000000        2.2109389685909635E-002
   0.0000000000000000      -0.50000000000000000        4.0848744088415698E-002
   9.5977757736315256E-002 -0.50000000000000000        5.2781520546902966E-002
  0.34597796846160894      -0.50000000000000000        4.8331050784956531E-002
  0.65457237297443105      -0.50000000000000000        3.0972919427398590E-002
  0.90408692084831288      -0.50000000000000000        1.2904090189500689E-002
  0.99936470392000787      -0.50000000000000000        5.2090392793825296E-003
   1.0493329391160082      -0.50000000000000000        3.4270540389308712E-003
 #
  0.99950007635454829      -0.50000000000000000        4.6193656696398369E-003
  0.90392053563992203      -0.50000000000000000        3.3461208591766059E-003
  0.65375576083912479      -0.50000000000000000        2.0900796168613900E-003
  0.34469252224844965      -0.50000000000000000        5.5143711775944432E-003
   9.4958584790623704E-002 -0.50000000000000000        1.7878534133652306E-002
   0.0000000000000000      -0.50000000000000000        3.6235775447667318E-002
   9.5928943914037432E-002 -0.50000000000000000        4.8554819795201341E-002
  0.34594504463348569      -0.50000000000000000        4.5110777862245467E-002
  0.65460682498803646      -0.50000000000000000        2.8995053577913019E-002
  0.90419208836451337      -0.50000000000000000        1.1930807446584060E-002
  0.99950007635454829      -0.50000000000000000        4.6193656696398369E-003
   1.0494750801722756      -0.50000000000000000        3.0385451807384625E-003
 #
  0.99962142939623566      -0.50000000000000000        4.0186415665909268E-003
  0.90404791999659373      -0.50000000000000000        2.3530916265309780E-003
  0.65389040810897359      -0.50000000000000000        7.0234440645446095E-005
  0.34481571768921238      -0.50000000000000000        2.2259159519750285E-003
   9.5033134014748000E-002 -0.50000000000000000        1.3564916644384150E-002
   0.0000000000000000      -0.50000000000000000        3.1532236239526827E-002
   9.5877571058556349E-002 -0.50000000000000000        4.4244926828482772E-002
  0.34590570208220983      -0.50000000000000000        4.1827130184423945E-002
  0.65463103091207553      -0.50000000000000000        2.6978475035191091E-002
  0.90428423372257327      -0.50000000000000000        1.0938820512837611E-002
  0.99962142939623566      -0.50000000000000000        4.0186415665909268E-003
   1.0496025008660474      -0.50000000000000000        2.6429618329441296E-003
 #
  0.99972754875569225      -0.50000000000000000        3.4083263819040983E-003
  0.90416182263611511      -0.50000000000000000        1.3439265165120298E-003
  0.65401601649281249      -0.50000000000000000       -1.9829127722525396E-003
  0.34493502120045044      -0.50000000000000000       -1.1171357037243652E-003
   9.5107290836323966E-002 -0.50000000000000000        9.1793289760856468E-003
   0.0000000000000000      -0.50000000000000000        2.6749882862458697E-002
   9.5823681231204411E-002 -0.50000000000000000        3.9862596136208503E-002
  0.34585972524492409      -0.50000000000000000        3.8488282575741217E-002
  0.65464433457319748      -0.50000000000000000        2.4928184388961275E-002
  0.90436230280774110      -0.50000000000000000        9.9305668599194083E-003
  0.99972754875569225      -0.50000000000000000        3.4083263819040983E-003
   1.0497139261934769      -0.50000000000000000        2.2412485578763679E-003
 #
  0.99981737245542135      -0.50000000000000000        2.7898933106665323E-003
  0.90426123798370961      -0.50000000000000000        3.2110405469220477E-004
  0.65413174986210543      -0.50000000000000000       -4.0642537140895309E-003
  0.34504985828509571      -0.50000000000000000       -4.5064301801716611E-003
   9.5180793018353138E-002 -0.50000000000000000        4.7327400486744144E-003
   0.0000000000000000      -0.50000000000000000        2.1900668709304107E-002
   9.5767333849325870E-002 -0.50000000000000000        3.5418764044476685E-002
  0.34580695481029400      -0.50000000000000000        3.5102546574003968E-002
  0.65464618195334767      -0.50000000000000000        2.2849261360198499E-002
  0.90442538005945416      -0.50000000000000000        8.9085158920979776E-003
  0.99981737245542135      -0.50000000000000000        2.7898933106665323E-003
   1.0498082410781924      -0.50000000000000000        1.8343545407346513E-003
 #
  0.99989000150725282      -0.50000000000000000        2.1648268232907775E-003
  0.90434530722057094      -0.50000000000000000       -7.1287177641959215E-004
  0.65423687666870700      -0.50000000000000000       -6.1686171534898540E-003
  0.34515970767057669      -0.50000000000000000       -7.9335038214405733E-003
   9.5253391496413500E-002 -0.50000000000000000        2.3626851641673705E-004
   0.0000000000000000      -0.50000000000000000        1.6996714290024039E-002
   9.5708606285879974E-002 -0.50000000000000000        3.0924521616142075E-002
  0.34574729086534317      -0.50000000000000000        3.1678350220632756E-002
  0.65463612780987868      -0.50000000000000000        2.0746852980927304E-002
  0.90447269801164132      -0.50000000000000000        7.8751638704904134E-003
  0.99989000150725282      -0.50000000000000000        2.1648268232907775E-003
   1.0498845015826155      -0.50000000000000000        1.4232324499541139E-003
 #
  0.99994470895453658      -0.50000000000000000        1.5346203320793211E-003
  0.90441332658268381      -0.50000000000000000       -1.7554765797333158E-003
  0.65433077623939584      -0.50000000000000000       -8.2907810510515142E-003
  0.34526410498668458      -0.50000000000000000       -1.1389803738611950E-002
   9.5324851671204566E-002 -0.50000000000000000       -4.2988449957066764E-003
   0.0000000000000000      -0.50000000000000000        1.2050276936736597E-002
   9.5647594303801223E-002 -0.50000000000000000        2.6391087164701489E-002
  0.34568069546558955      -0.50000000000000000        2.8224217605278126E-002
  0.65461384121740329      -0.50000000000000000        1.8626161722017174E-002
  0.90450364535138361      -0.50000000000000000        6.8330289483703377E-003
  0.99994470895453658      -0.50000000000000000        1.5346203320793211E-003
   1.0499419444022635      -0.50000000000000000        1.0088375018464570E-003
 #
  0.99998094718635144      -0.50000000000000000        9.0077400732347865E-004
  0.90446475409877913      -0.50000000000000000       -2.8041704759137545E-003
  0.65441294394604121      -0.50000000000000000       -1.0425484671976327E-002
  0.34536264585617071      -0.50000000000000000       -1.4866708761315676E-002
   9.5394954543627328E-002 -0.50000000000000000       -8.8612659241658828E-003
   0.0000000000000000      -0.50000000000000000        7.0737201667702247E-003
   9.5584412317808995E-002 -0.50000000000000000        2.1829778446613567E-002
  0.34560719459844136      -0.50000000000000000        2.4748748204039987E-002
  0.65457910997204960      -0.50000000000000000        1.6492433577439423E-002
  0.90451777341248740      -0.50000000000000000        5.7846463016534766E-003
  0.99998094718635144      -0.50000000000000000        9.0077400732347865E-004
   1.0499799945456691      -0.50000000000000000        5.9212669935114134E-004
 #
  0.99999835344862520      -0.50000000000000000        2.6479271355725562E-004
  0.90449921469903671      -0.50000000000000000       -3.8564029446361984E-003
  0.65448299520082376      -0.50000000000000000       -1.2567440687485585E-002
  0.34545498837003058      -0.50000000000000000       -1.8355550485755885E-002
   9.5463497683601281E-002 -0.50000000000000000       -1.3439593999966800E-002
   0.0000000000000000      -0.50000000000000000        2.0794827803091763E-003
   9.5519193478120781E-002 -0.50000000000000000        1.7251984597358945E-002
  0.34552687951600408      -0.50000000000000000        2.1260596049772068E-002
  0.65453184381039198      -0.50000000000000000        1.4350946111202263E-002
  0.90451480103649162      -0.50000000000000000        4.7325633349769190E-003
  0.99999835344862520      -0.50000000000000000        2.6479271355725562E-004
   1.0499982711210565      -0.50000000000000000        1.7405821021965954E-004
 #
  0.99999675349552186      -0.50000000000000000       -3.7181596680939356E-004
  0.90451650364282588      -0.50000000000000000       -4.9096175967884917E-003
  0.65454066823795243      -0.50000000000000000       -1.4711347259024980E-002
  0.34554085492572295      -0.50000000000000000       -2.1847634378867078E-002
   9.5530296025521419E-002 -0.50000000000000000       -1.8022391615052702E-002
   0.0000000000000000      -0.50000000000000000       -2.9199522301289484E-003
   9.5452089572348117E-002 -0.50000000000000000        1.2669137877105763E-002
  0.34543990741990749      -0.50000000000000000        1.7768448772579919E-002
  0.65447207640746075      -0.50000000000000000        1.2206996471435456E-002
  0.90449461775034823      -0.50000000000000000        3.6793349408587458E-003
  0.99999675349552186      -0.50000000000000000       -3.7181596680939356E-004
   1.0499965911702980      -0.50000000000000000       -2.4440915364341582E-004
 #
  0.99997616334353889      -0.50000000000000000       -1.0075436577114787E-003
  0.90451658823103087      -0.50000000000000000       -5.9612569019066560E-003
  0.65458582565577939      -0.50000000000000000       -1.6851900100965923E-002
  0.34562003341311270      -0.50000000000000000       -2.5334260899168161E-002
   9.5595182485035235E-002 -0.50000000000000000       -2.2598212254520793E-002
   0.0000000000000000      -0.50000000000000000       -7.9120888806734745E-003
   9.5383270743722326E-002 -0.50000000000000000        8.0926852923292238E-003
  0.34534650148741425      -0.50000000000000000        1.4281006548457592E-002
  0.65439996613077145      -0.50000000000000000        1.0065889374906588E-002
  0.90445728522728941      -0.50000000000000000        2.6275187873283177E-003
  0.99997616334353889      -0.50000000000000000       -1.0075436577114787E-003
   1.0499749715107158      -0.50000000000000000       -6.6231639656337896E-004
 #
  0.99993678911026795      -0.50000000000000000       -1.6408830982000411E-003
  0.90449960778614202      -0.50000000000000000       -7.0087668965113569E-003
  0.65461845470595326      -0.50000000000000000       -1.8983804518634469E-002
  0.34569237773963063      -0.50000000000000000       -2.8806746595592441E-002
   9.5658008393656874E-002 -0.50000000000000000       -2.7155628927341920E-002
   0.0000000000000000      -0.50000000000000000       -1.2884449429552552E-002
   9.5312925025686418E-002 -0.50000000000000000        3.5340601601431647E-003
  0.34524695023484658      -0.50000000000000000        1.0806960994069938E-002
  0.65431579554010533      -0.50000000000000000        7.9329250646517808E-003
  0.90440303701505065      -0.50000000000000000        1.5796706082049292E-003
  0.99993678911026795      -0.50000000000000000       -1.6408830982000411E-003
   1.0499336285657814      -0.50000000000000000       -1.0787047816324148E-003
 #
  0.99987902493947600      -0.50000000000000000       -2.2703300728919382E-003
  0.90446587190112038      -0.50000000000000000       -8.0496018994806774E-003
  0.65463866632915013      -0.50000000000000000       -2.1101787419019639E-002
  0.34575780769294034      -0.50000000000000000       -3.2256445146058264E-002
   9.5718643749608812E-002 -0.50000000000000000       -3.1683262528541686E-002
   0.0000000000000000      -0.50000000000000000       -1.7824605564949299E-002
   9.5241257694779202E-002 -0.50000000000000000       -9.9534631756370562E-004
  0.34514160622118567      -0.50000000000000000        7.3549740459815521E-003
  0.65421996963567586      -0.50000000000000000        5.8133872434138721E-003
  0.90433227653344372      -0.50000000000000000        5.3833946990359399E-004
  0.99987902493947600      -0.50000000000000000       -2.2703300728919382E-003
   1.0498729761864498      -0.50000000000000000       -1.4926162982890692E-003
 #
  0.99980344903385754      -0.50000000000000000       -2.8943854006198005E-003
  0.90441585697585358      -0.50000000000000000       -9.0812292601409449E-003
  0.65464669294981082      -0.50000000000000000       -2.3200609291419764E-002
  0.34581630814622139      -0.50000000000000000       -3.5674768297799912E-002
   9.5776977285172968E-002 -0.50000000000000000       -3.6169810066148618E-002
   0.0000000000000000      -0.50000000000000000       -2.2720209469308798E-002
   9.5168490445607198E-002 -0.50000000000000000       -5.4842134028372444E-003
  0.34503088410148758      -0.50000000000000000        3.9336568631585453E-003
  0.65411301287019541      -0.50000000000000000        3.7125309862039296E-003
  0.90424557336108125      -0.50000000000000000       -4.9393701073038865E-004
  0.99980344903385754      -0.50000000000000000       -2.8943854006198005E-003
   1.0497936214855506      -0.50000000000000000       -1.9030941971853489E-003
 #
  0.99971081783625770      -0.50000000000000000       -3.5115570161708132E-003
  0.90435020107762365      -0.50000000000000000       -1.0101134163393539E-002
  0.65464288505507717      -0.50000000000000000       -2.5275076154585428E-002
  0.34586792761793589      -0.50000000000000000       -3.9053206671501584E-002
   9.5832916352720621E-002 -0.50000000000000000       -4.0604072686636877E-002
   0.0000000000000000      -0.50000000000000000       -2.7559024682451378E-002
   9.5094860393527270E-002 -0.50000000000000000       -9.9213190256883486E-003
  0.34491525804644080      -0.50000000000000000        5.5154879231664525E-004
  0.65399556495306155      -0.50000000000000000        1.6355706365259910E-003
  0.90414365784864392      -0.50000000000000000       -1.5146375215256205E-003
  0.99971081783625770      -0.50000000000000000       -3.5115570161708132E-003
   1.0496963587280705      -0.50000000000000000       -2.3091836328567837E-003
 #
  0.99960205841916339      -0.50000000000000000       -4.1203621773825243E-003
  0.90426969717920491      -0.50000000000000000       -1.1106824513954949E-002
  0.65462770659559066      -0.50000000000000000       -2.7320051465631816E-002
  0.34591277620457084      -0.50000000000000000       -4.2383350391077497E-002
   9.5886386633452156E-002 -0.50000000000000000       -4.4974983433087104E-002
   0.0000000000000000      -0.50000000000000000       -3.2328956686350441E-002
   9.5020618912429036E-002 -0.50000000000000000       -1.4295567775832727E-002
  0.34479525855089199      -0.50000000000000000       -2.7829035633583840E-003
  0.65386837548727328      -0.50000000000000000       -4.1233230739824017E-004
  0.90402741411324061      -0.50000000000000000       -2.5212620045911432E-003
  0.99960205841916339      -0.50000000000000000       -4.1203621773825243E-003
   1.0495821613401215      -0.50000000000000000       -2.7099324519341272E-003
 #
  0.99947825916059652      -0.50000000000000000       -4.7193298263171132E-003
  0.90417528484481269      -0.50000000000000000       -1.2095835918724467E-002
  0.65460172925787752      -0.50000000000000000       -2.9330467984159010E-002
  0.34595102291126639      -0.50000000000000000       -4.5656909500534040E-002
   9.5937331674693802E-002 -0.50000000000000000       -4.9271634670861084E-002
   0.0000000000000000      -0.50000000000000000       -3.7018083135128797E-002
   9.4946030316692145E-002 -0.50000000000000000       -1.8596018614537541E-002
  0.34467146866041781      -0.50000000000000000       -6.0613671304587426E-003
  0.65373229749163142      -0.50000000000000000       -2.4260813077400245E-003
  0.90389787148499445      -0.50000000000000000       -3.5113367187687219E-003
  0.99947825916059652      -0.50000000000000000       -4.7193298263171132E-003
   1.0494521721186263      -0.50000000000000000       -3.1043921608765249E-003
 #
  0.99934065880200806      -0.50000000000000000       -5.3070031288446826E-003
  0.90406804044994327      -0.50000000000000000       -1.3065736782481963E-002
  0.65456562566954657      -0.50000000000000000       -3.1301339582686508E-002
  0.34598289241138219      -0.50000000000000000       -4.8865734128759747E-002
   9.5985712263347539E-002 -0.50000000000000000       -5.3483305116236550E-002
   0.0000000000000000      -0.50000000000000000       -4.1614683654714324E-002
   9.4871370397980076E-002 -0.50000000000000000       -2.2811912239087323E-002
  0.34454451965094951      -0.50000000000000000       -9.2756429636293158E-003
  0.65358827987213786      -0.50000000000000000       -4.4006568920424496E-003
  0.90375619449274525      -0.50000000000000000       -4.4824194293121705E-003
  0.99934065880200806      -0.50000000000000000       -5.3070031288446826E-003
   1.0493076917421085      -0.50000000000000000       -3.4916191025511981E-003
 #
  0.99919063400019392      -0.50000000000000000       -5.8819422118339890E-003
  0.90394916603602793      -0.50000000000000000       -1.4014133527649492E-002
  0.65452016160935789      -0.50000000000000000       -3.3227772991741691E-002
  0.34600866127184626      -0.50000000000000000       -5.2001834362344450E-002
   9.6031505644753531E-002 -0.50000000000000000       -5.7599486404183588E-002
   0.0000000000000000      -0.50000000000000000       -4.6107269137671353E-002
   9.4796924829005327E-002 -0.50000000000000000       -2.6932698032612341E-002
  0.34441508620200956      -0.50000000000000000       -1.2417686611532794E-002
  0.65343735891717425      -0.50000000000000000       -6.3311287333917415E-003
  0.90360367149060106      -0.50000000000000000       -5.4321047345652629E-003
  0.99919063400019392      -0.50000000000000000       -5.8819422118339890E-003
   1.0491501657002036      -0.50000000000000000       -3.8706758655421211E-003
 #
  0.99902968550044047      -0.50000000000000000       -6.4427271113947082E-003
  0.90381997691458837      -0.50000000000000000       -1.4938675943831116E-002
  0.65446618730425277      -0.50000000000000000       -3.5104979464816048E-002
  0.34602865368652069      -0.50000000000000000       -5.5057399785668114E-002
   9.6074704597782182E-002 -0.50000000000000000       -6.1609909132288532E-002
   0.0000000000000000      -0.50000000000000000       -5.0484610459985792E-002
   9.4722987447742921E-002 -0.50000000000000000       -3.0948060532381173E-002
  0.34428388110922459      -0.50000000000000000       -1.5479628204706053E-002
  0.65328064890088289      -0.50000000000000000       -8.2126676875707919E-003
  0.90344170204076757      -0.50000000000000000       -6.3580295342601859E-003
  0.99902968550044047      -0.50000000000000000       -6.4427271113947082E-003
   1.0489811697754625      -0.50000000000000000       -4.2406329439651502E-003
 #
  0.99885942307191466      -0.50000000000000000       -6.9879609393729142E-003
  0.90368188814810313      -0.50000000000000000       -1.5837062667396547E-002
  0.65440462790457998      -0.50000000000000000       -3.6928286345002462E-002
  0.34604323676473769      -0.50000000000000000       -5.8024818646561740E-002
   9.6115316378409921E-002 -0.50000000000000000       -6.5504568318754286E-002
   0.0000000000000000      -0.50000000000000000       -5.4735766548027143E-002
   9.4649858436770290E-002 -0.50000000000000000       -3.4847945350158477E-002
  0.34415164958639988      -0.50000000000000000       -1.8453792218023901E-002
  0.65311933188811178      -0.50000000000000000       -1.0040557765212010E-002
  0.90327178318054602      -0.50000000000000000       -7.2578786384908042E-003
  0.99885942307191466      -0.50000000000000000       -6.9879609393729142E-003
   1.0488023942255105      -0.50000000000000000       -4.6005706589401993E-003
 #
  0.99868154935859776      -0.50000000000000000       -7.5162732687170802E-003
  0.90353640004594415      -0.50000000000000000       -1.6707046785626296E-002
  0.65433647323689870      -0.50000000000000000       -3.8693148511543540E-002
  0.34605281542656868      -0.50000000000000000       -6.0896696604875025E-002
   9.6153361545331148E-002 -0.50000000000000000       -6.9273748213434752E-002
   0.0000000000000000      -0.50000000000000000       -5.8850111725534587E-002
   9.4577842413458110E-002 -0.50000000000000000       -3.8622584478880506E-002
  0.34401916321151943      -0.50000000000000000       -2.1332716859031479E-002
  0.65295464684220861      -0.50000000000000000       -1.1810208013053297E-002
  0.90309549471246220      -0.50000000000000000       -8.1293905105617806E-003
  0.99868154935859776      -0.50000000000000000       -7.5162732687170802E-003
   1.0486156268265276      -0.50000000000000000       -4.9495813458762042E-003
 #
  0.99849784280970266      -0.50000000000000000       -8.0263237315572125E-003
  0.90338508282339691      -0.50000000000000000       -1.7546441554025648E-002
  0.65426276694082341      -0.50000000000000000       -4.0395159680852118E-002
  0.34605782696023440      -0.50000000000000000       -6.3665875020332538E-002
   9.6188872682306900E-002 -0.50000000000000000       -7.2908046402004989E-002
   0.0000000000000000      -0.50000000000000000       -6.2817362272273913E-002
   9.4507246447621387E-002 -0.50000000000000000       -4.2262520920718673E-002
  0.34388721357454516      -0.50000000000000000       -2.4109173032032763E-002
  0.65278787814380235      -0.50000000000000000       -1.3517164274444833E-002
  0.90291448366608007      -0.50000000000000000       -8.9703631309129492E-003
  0.99849784280970266      -0.50000000000000000       -8.0263237315572125E-003
   1.0484227349501878      -0.50000000000000000       -5.2867718045213757E-003
 #
  0.99831013986241146      -0.50000000000000000       -8.5168058170346575E-003
  0.90322956057987180      -0.50000000000000000       -1.8353126209486315E-002
  0.65418459510231275      -0.50000000000000000       -4.2030063532911284E-002
  0.34605873530031050      -0.50000000000000000       -6.6325448735175888E-002
   9.6221893032934824E-002 -0.50000000000000000       -7.6398397144637864E-002
   0.0000000000000000      -0.50000000000000000       -6.6627602127982410E-002
   9.4438378023955105E-002 -0.50000000000000000       -4.5758632572596936E-002
  0.34375660568778510      -0.50000000000000000       -2.6776182826585039E-002
  0.65262034363441457      -0.50000000000000000       -1.5157120795361918E-002
  0.90273044808806124      -0.50000000000000000       -9.7786599633130217E-003
  0.99831013986241146      -0.50000000000000000       -8.5168058170346575E-003
   1.0482256468555320      -0.50000000000000000       -5.6112660014872653E-003
 #
  0.99812031655685551      -0.50000000000000000       -8.9864508492413439E-003
  0.90307149475885207      -0.50000000000000000       -1.9125051856167599E-002
  0.65410307450056526      -0.50000000000000000       -4.3593764630423748E-002
  0.34605602508800765      -0.50000000000000000       -6.8868783306319681E-002
   9.6252475064337206E-002 -0.50000000000000000       -7.9736093891961290E-002
   0.0000000000000000      -0.50000000000000000       -7.0271307677355371E-002
   9.4371542967119970E-002 -0.50000000000000000       -4.9102155306415214E-002
  0.34362815122187723      -0.50000000000000000       -2.9327037477999800E-002
  0.65245338230326089      -0.50000000000000000       -1.6725931638450195E-002
  0.90254512032340184      -0.50000000000000000       -1.0552215998649334E-002
  0.99812031655685551      -0.50000000000000000       -8.9864508492413439E-003
   1.0480263323846983      -0.50000000000000000       -5.9222080078356332E-003
 #
  0.99793026976846599      -0.50000000000000000       -9.4340321192321885E-003
  0.90291256725687752      -0.50000000000000000       -1.9860247395426446E-002
  0.65401934058920286      -0.50000000000000000       -4.5082339094757978E-002
  0.34605019557677463      -0.50000000000000000       -7.1289531641146792E-002
   9.6280678976893658E-002 -0.50000000000000000       -8.2912810922616514E-002
   0.0000000000000000      -0.50000000000000000       -7.3739371554124508E-002
   9.4307043347707481E-002 -0.50000000000000000       -5.2284705182617547E-002
  0.34350266163205956      -0.50000000000000000       -3.1755314746641117E-002
  0.65228834173889505      -0.50000000000000000       -1.8219621864167507E-002
  0.90236024995545339      -0.50000000000000000       -1.1289043846052886E-002
  0.99793026976846599      -0.50000000000000000       -9.4340321192321885E-003
   1.0478267832568893      -0.50000000000000000       -6.2187651474875649E-003
 #
  0.99774189824612458      -0.50000000000000000       -9.8583691391111034E-003
  0.90275446335188003      -0.50000000000000000       -2.0556825465980234E-002
  0.65393453533470480      -0.50000000000000000       -4.6492044999727603E-002
  0.34604175444777996      -0.50000000000000000       -7.3581649990677719E-002
   9.6306571177590394E-002 -0.50000000000000000       -8.5920624048437699E-002
   0.0000000000000000      -0.50000000000000000       -7.7023125404730691E-002
   9.4245175387499824E-002 -0.50000000000000000       -5.5298299737341586E-002
  0.34338094124037255      -0.50000000000000000       -3.4054895662291751E-002
  0.65212656546939196      -0.50000000000000000       -1.9634398434986503E-002
  0.90217758657527902      -0.50000000000000000       -1.1987239835924091E-002
  0.99774189824612458      -0.50000000000000000       -9.8583691391111034E-003
   1.0476289931584308      -0.50000000000000000       -6.5001313258301191E-003
 #
  0.99755708364592921      -0.50000000000000000       -1.0258331980800381E-002
  0.90259885462247624      -0.50000000000000000       -2.1212988355864396E-002
  0.65384979503606122      -0.50000000000000000       -4.7819332441628698E-002
  0.34603121160046668      -0.50000000000000000       -7.5739413253716387E-002
   9.6330222734812121E-002 -0.50000000000000000       -8.8752030335130308E-002
   0.0000000000000000      -0.50000000000000000       -8.0114361554693314E-002
   9.4186227382449389E-002 -0.50000000000000000       -5.8135378285201697E-002
  0.34326378033975946      -0.50000000000000000       -3.6219980579669145E-002
  0.65196938031557117      -0.50000000000000000       -2.0966660795973160E-002
  0.90199886255212058      -0.50000000000000000       -1.2644990094790989E-002
  0.99755708364592921      -0.50000000000000000       -1.0258331980800381E-002
   1.0474349378282257      -0.50000000000000000       -6.7655305021057377E-003
 #
  0.99737767174985925      -0.50000000000000000       -1.0632845657412446E-002
  0.90244738202937635      -0.50000000000000000       -2.1827033843763957E-002
  0.65376623824937552      -0.50000000000000000       -4.9060853241830502E-002
  0.34601907298333512      -0.50000000000000000       -7.7757429545738166E-002
   9.6351707832466521E-002 -0.50000000000000000       -9.1399966788352202E-002
   0.0000000000000000      -0.50000000000000000       -8.3005353523522174E-002
   9.4130477661638651E-002 -0.50000000000000000       -6.0788821181799756E-002
  0.34315194838569973      -0.50000000000000000       -3.8245104491358914E-002
  0.65181808388130824      -0.50000000000000000       -2.2213011082941644E-002
  0.90182577597623692      -0.50000000000000000       -1.3260576547953332E-002
  0.99737767174985925      -0.50000000000000000       -1.0632845657412446E-002
   1.0472465553373522      -0.50000000000000000       -7.0142202641069601E-003
 #
  0.99720545405621530      -0.50000000000000000       -1.0980894501260663E-002
  0.90230163932791485      -0.50000000000000000       -2.2397360924050577E-002
  0.65368495393965231      -0.50000000000000000       -5.0213470236635582E-002
  0.34600583452941397      -0.50000000000000000       -7.9630653986781097E-002
   9.6371102241204570E-002 -0.50000000000000000       -9.3857827957295081E-002
   0.0000000000000000      -0.50000000000000000       -8.5688875336894663E-002
   9.4078192600146687E-002 -0.50000000000000000       -6.3251967992326047E-002
  0.34304618734004494      -0.50000000000000000       -4.0125151545023025E-002
  0.65167393230331938      -0.50000000000000000       -2.3370263907870947E-002
  0.90165997394316455      -0.50000000000000000       -1.3832382802638946E-002
  0.99720545405621530      -0.50000000000000000       -1.0980894501260663E-002
   1.0470657267590262      -0.50000000000000000       -7.2454954594789595E-003
 #
  0.99704214992446538      -0.50000000000000000       -1.1301526489570529E-002
  0.90216315697689908      -0.50000000000000000       -2.2922475367434914E-002
  0.65360698997931665      -0.50000000000000000       -5.1274266108159952E-002
  0.34599197625952999      -0.50000000000000000       -8.1354401663456491E-002
   9.6388481824186911E-002 -0.50000000000000000       -9.6119482410235532E-002
   0.0000000000000000      -0.50000000000000000       -8.8158219587828532E-002
   9.4029624703251741E-002 -0.50000000000000000       -6.5518634515113985E-002
  0.34294720523014138      -0.50000000000000000       -4.1855368712764032E-002
  0.65153812837994285      -0.50000000000000000       -2.4435455670417647E-002
  0.90150303634459306      -0.50000000000000000       -1.4358899862013691E-002
  0.99704214992446538      -0.50000000000000000       -1.1301526489570529E-002
   1.0468942574206888      -0.50000000000000000       -7.4586918346576242E-003
 #
  0.99688938945110661      -0.50000000000000000       -1.1593857466950352E-002
  0.90203338670354472      -0.50000000000000000       -2.3400995067605068E-002
  0.65353334210913216      -0.50000000000000000       -5.2240551709671908E-002
  0.34597795661450775      -0.50000000000000000       -8.2924359721430793E-002
   9.6403921094349906E-002 -0.50000000000000000       -9.8179288039068030E-002
   0.0000000000000000      -0.50000000000000000       -9.0407214201706054E-002
   9.3985010778745978E-002 -0.50000000000000000       -6.7583128611740956E-002
  0.34285566998414146      -0.50000000000000000       -4.3431378562000342E-002
  0.65141181019443184      -0.50000000000000000       -2.5405853344209764E-002
  0.90135646032557271      -0.50000000000000000       -1.4838731618898759E-002
  0.99688938945110661      -0.50000000000000000       -1.1593857466950352E-002
   1.0467338589236619      -0.50000000000000000       -7.6531896302125674E-003
 #
  0.99674869724544424      -0.50000000000000000       -1.1857075212709595E-002
  0.90191368687731344      -0.50000000000000000       -2.3831655123620649E-002
  0.65346494347220352      -0.50000000000000000       -5.3109873839208989E-002
  0.34596420707485248      -0.50000000000000000       -8.4336598546362829E-002
   9.6417491839453515E-002 -0.50000000000000000      -0.10003210615255295     
   0.0000000000000000      -0.50000000000000000       -9.2430237863246292E-002
   9.3944570213336950E-002 -0.50000000000000000       -6.9440264798223905E-002
  0.34277220360066013      -0.50000000000000000       -4.4849191079145673E-002
  0.65129604034317246      -0.50000000000000000       -2.6278962687194277E-002
  0.90122164556078466      -0.50000000000000000       -1.5270600077514268E-002
  0.99674869724544424      -0.50000000000000000       -1.1857075212709595E-002
   1.0465861321077166      -0.50000000000000000       -7.8284170801827535E-003
 #
  0.99662147726487638      -0.50000000000000000       -1.2090443301197115E-002
  0.90180530883706067      -0.50000000000000000       -2.4213312608186793E-002
  0.65340265482569027      -0.50000000000000000       -5.3880022416377217E-002
  0.34595112712331472      -0.50000000000000000       -8.5587581993314010E-002
   9.6429261830354010E-002 -0.50000000000000000      -0.10167331432090168     
   0.0000000000000000      -0.50000000000000000       -9.4222234066865751E-002
   9.3908503368172067E-002 -0.50000000000000000       -7.1085377555034496E-002
  0.34269737670764949      -0.50000000000000000       -4.6105214499787849E-002
  0.65119179587309828      -0.50000000000000000       -2.7052535826646656E-002
  0.90109988049416601      -0.50000000000000000       -1.5653350252002762E-002
  0.99662147726487638      -0.50000000000000000       -1.2090443301197115E-002
   1.0464525511281202      -0.50000000000000000       -7.9838537629136758E-003
 #
  0.99650899885846844      -0.50000000000000000       -1.2293304704477440E-002
  0.90170938430613434      -0.50000000000000000       -2.4544950973251614E-002
  0.65334725552782513      -0.50000000000000000       -5.4549037019030258E-002
  0.34593907960204945      -0.50000000000000000       -8.6674176627083099E-002
   9.6439293626948017E-002 -0.50000000000000000      -0.10309881793737770     
   0.0000000000000000      -0.50000000000000000       -9.5778723755308978E-002
   9.3876990107454358E-002 -0.50000000000000000       -7.2514333317045432E-002
  0.34263170356158718      -0.50000000000000000       -4.7196265101924262E-002
  0.65109995902547524      -0.50000000000000000       -2.7724578171535216E-002
  0.90099232967640019      -0.50000000000000000       -1.5985954691898105E-002
  0.99650899885846844      -0.50000000000000000       -1.2293304704477440E-002
   1.0463344488013919      -0.50000000000000000       -8.1190337519358585E-003
 #
  0.99641238415541711      -0.50000000000000000       -1.2465085088854688E-002
  0.90162691401905526      -0.50000000000000000       -2.4825684046636945E-002
  0.65329943538986790      -0.50000000000000000       -5.5115212739015582E-002
  0.34592838651189678      -0.50000000000000000       -8.7593659938742463E-002
   9.6447643495091315E-002 -0.50000000000000000      -0.10430506046580575     
   0.0000000000000000      -0.50000000000000000       -9.7095816514959007E-002
   9.3850188472934734E-002 -0.50000000000000000       -7.3723541108108276E-002
  0.34257563753383785      -0.50000000000000000       -4.8119575922119392E-002
  0.65102130887523180      -0.50000000000000000       -2.8293354607749940E-002
  0.90090002232375299      -0.50000000000000000       -1.6267517587076410E-002
  0.99641238415541711      -0.50000000000000000       -1.2465085088854688E-002
   1.0462330033631879      -0.50000000000000000       -8.2335485175494688E-003
 #
  0.99633259692157083      -0.50000000000000000       -1.2605295759945678E-002
  0.90155875767125648      -0.50000000000000000       -2.5054759576586677E-002
  0.65325978747384228      -0.50000000000000000       -5.5577105319329523E-002
  0.34591932529668301      -0.50000000000000000       -8.8343727506850434E-002
   9.6454360446519533E-002 -0.50000000000000000      -0.10528903234624329     
   0.0000000000000000      -0.50000000000000000       -9.8170220299845359E-002
   9.3828233515776044E-002 -0.50000000000000000       -7.4709961788736567E-002
  0.34252956712639793      -0.50000000000000000       -4.8872804358179596E-002
  0.65095651394621845      -0.50000000000000000       -2.8757394935222530E-002
  0.90082384220958955      -0.50000000000000000       -1.6497278408015542E-002
  0.99633259692157083      -0.50000000000000000       -1.2605295759945678E-002
   1.0461492267676493      -0.50000000000000000       -8.3270495329506866E-003
 #
